6.23.Start
10.25
6.27 
10.29
6.31
10.33.
9.34
7.35
6.36
7.37
9.38
10.39
9.40
7.41
6.42
7.43
9.44
10.45
9.46
7.47
6.48
7.49
9.50
10.51
3.53.Enemy Attacks
6.57
10.57
3.61.
6.64
10.64
2.69.
6.73
10.73
4.77.
3.81
6.81
10.81
3.85.
11.85
12.85
14.85
15.85
3.89
2.91
3.93
4.95
3.97
3.133.Attack 2 - Bulk Attack
11.133
12.133
14.133
15.133
3.137.
11.137
12.137
14.137
15.137
4.141.
11.141
12.141
13.141
15.141
2.145.
11.145
13.145
14.145
15.145
5.149.
11.149
12.149
13.149
14.149
3.153.
11.153
12.153
14.153
15.153
1.157.
12.157
13.157
14.157
15.157
3.161.
11.161
12.161
14.161
15.161
3.165.
11.165
12.165
14.165
15.165
15.167.Back And Forth
14.169
13.171
12.173
11.175
12.177
13.179
14.181
15.183
14.185
13.187
12.189
11.191
12.193
13.195
14.197
15.198
3.201.Bulk Again
11.201
12.201
14.201
15.201
1.205.
12.205
13.205
14.205
15.205
3.209.
11.209
12.209
14.209
15.209
5.213.
11.213
12.213
13.213
14.213
3.217.
11.217
12.217
14.217
15.217
3.221.
11.221
12.221
14.221
15.221
3.267.Attack 3 - Quick
11.267
4.269.
13.269
5.271.
11.271
4.273.
11.273
3.275.
15.275
2.277.
14.277
1.279.
15.279
2.281.
11.281
3.283.
15.283
4.285.
12.285
5.287.
12.287
4.289.
11.289
3.291.Bulk Attack
11.291
12.291
14.291
15.291
4.295.
11.295
12.295
13.295
15.295
2.299.
11.299
13.299
14.299
15.299
4.303.
11.303
12.303
13.303
15.303
2.307.
11.307
13.307
14.307
15.307
5.311.
11.311
12.311
13.311
14.311
3.315.
11.315
12.315
14.315
15.315
4.319.
11.319
12.319
13.319
15.319
3.323.Fast Hits
11.323
15.323
2.325.
11.325
15.325
3.327.
11.327
15.327
4.329.
11.329
15.329
3.331.
11.331
15.331
2.333.
11.333
15.333
3.335.
11.335
15.335
4.337.
11.337
15.337
3.339.BULK
11.339
12.339
14.339
15.339
2.343.
11.343
13.343
14.343
15.343
4.347.
11.347
12.347
13.347
15.347
3.351.Fast
11.351
15.352
2.353.
11.353
15.354
4.355.
11.355
15.355
3.357.
11.357
15.357
11.395.FINAL ATTACK
12.396
14.397
15.398
14.399
12.400
11.401
12.402
14.403
15.404
14.405
12.406
11.407
12.408
14.409
15.410
14.411
12.412
11.413
12.414
14.415
15.416
14.417
12.418
11.419
12.420
14.421
15.422
14.423
12.424
11.425
12.426
14.427
15.428
14.429
12.430
11.431
12.432
3.435.Hard BULK CRAZY
11.435
12.435
14.435
15.435
3.437.
2.439.b
11.439
13.439
14.439
15.439
2.441.
1.443.b
12.443
13.443
14.443
15.443
1.445.
2.447.b
11.447
13.447
14.447
15.447
2.449.
3.451.b
11.451
12.451
14.451
15.451
3.453.
4.455.b
11.455
12.455
13.455
15.455
4.457.
5.459.b
11.459
12.459
13.459
14.459
5.461.
4.463.b
11.463
12.463
13.463
15.463
4.465.
3.467.b
11.467
12.467
14.467
15.467