8.49
8.49,5
8.50
8.50,5
8.51
8.51,5
8.52
8.52,5
7.53.
8.53
9.53
7.53,5
8.53,5
9.53,5
7.54
8.54
9.54
7.54,5
8.54,5
9.54,5
7.55
8.55
9.55
7.55,5
8.55,5
9.55,5
7.56
8.56
9.56
12.59.Bones
13.59
14.59
6.63.Clock Start
10.63
6.64
10.64
6.65.Clocks
7.65
9.65
10.65
6.66
7.66
9.66
10.66
6.67.
7.67
9.67
10.67
6.68
7.68
9.68
10.68
3.69.
6.69.
7.69
9.69
10.69
6.70
7.70
9.70
10.70
3.71.
6.71.
7.71
9.71
10.71
6.72
7.72
9.72
10.72
3.73.
6.73.
7.73
9.73
10.73
6.74
7.74
9.74
10.74
3.75.
6.75.
7.75
9.75
10.75
6.76
7.76
9.76
10.76
3.77.
6.77.
7.77
9.77
10.77
6.78
7.78
9.78
10.78
3.79.
6.79.
7.79
9.79
10.79
7.81.
7.81,5
7.82
7.82,5
8.83.Clocks
9.83,5
8.84
7.84,5
8.85
9.85,5
8.86
6.87
10.87
6.87,5
10.87,5
6.88
10.88
6.88,5
10.88,5
11.89
13.89
15.89
11.93
12.93
14.93
15.93
3.95.Last
8.119.Fast Skeleton Attack
9.119
10.119
9.119,5
10.120
9.120,5
8.121
6.121,5
7.122
8.122,5
9.123
8.123,5
10.124
9.124,5
8.125
7.125,5
8.126
6.126,5
7.127
10.127,5
9.128
6.128,5
7.129
8.129,5
9.130
8.130,5
10.131
9.131,5
8.132
7.132,5
8.133
6.133,5
7.134
11.136
12.136
14.136
15.136
3.138.Notes
2.140
3.142
3.145
11.145.Bones
12.145
14.145
15.145
12.149.
13.149
14.149
15.149
11.153.
12.153
13.153
15.153
11.157.
13.157
14.157
15.157
11.161.
12.161
13.161
14.161
3.165
11.165
12.165
14.165
15.165
6.167.Clocks And More Clocks
8.167
9.167
10.167
9.167,5
8.168
7.168,5
8.169
6.169,5
7.170
8.170,5
6.171.
7.171
8.171
9.171
10.171,5
9.172
8.172,5
7.173
8.173,5
6.174
6.174,5
6.175.
7.175
8.175
10.175
6.175,5
7.176
8.176,5
9.177
8.177,5
10.178
9.178,5
8.179
7.179,5
8.180
9.180,5
6.181
8.181
9.181
10.181
11.183.
12.183
14.183
15.183
11.217.FINAL ATTACK
13.217
14.217
15.217
10.217
10.217,5.Clocks
9.217
9.217,5
8.218
8.218,5
7.219
7.219,5
8.220
6.220,5
7.221
8.221,5
9.222
8.222,5
10.223
6.223,5
7.223,5
9.223,5
10.223,5
6.224
10.224
6.224,5
10.224,5
6.225
11.225.Bone
12.225
13.225
15.225
7.225,5
8.226
10.226,5
10.227
9.227,5
8.228
7.228,5
8.229
6.229,5
7.230
8.230,5
9.231
11.233.bone
13.233
14.233
15.233
10.235
9.235,5.Music Change
8.236
7.236,5
8.237
6.237,5
7.238
8.238,5
9.239
8.239,5
10.240
9.240,5
8.241
6.241,5
7.242
8.242,5
10.243
9.243,5
8.244
6.244,5
7.245
8.245,5
10.246
9.246,5
8.247
7.247,5
8.248
6.248,5
7.249
8.249,5
9.250
8.250,5
10.251
9.251,5
8.252
7.252,5
8.253
6.253,5
7.254
8.254,5
9.255
5.257.Gears
4.259
3.261
2.263
1.265
3.267